{
  "RightEye": {
    "name": "RightEye",
    "id": 8,
    "parent_id": 5,
    "offset_matrix": [
      1.0,
      3.28919e-11,
      9.097095e-10,
      0.0,
      9.096211e-10,
      -0.07480697,
      -0.997198,
      0.0,
      3.5252887e-11,
      0.997198,
      -0.07480697,
      0.0,
      3.8829262,
      -201.40735,
      3.8885305,
      0.99999994
    ]
  },
  "Hair4": {
    "name": "Hair4",
    "id": 12,
    "parent_id": 11,
    "offset_matrix": [
      -4.9077664e-10,
      -7.666759e-10,
      1.0,
      0.0,
      0.57134676,
      0.8207089,
      9.0962127e-10,
      0.0,
      -0.82070893,
      0.5713467,
      3.5253e-11,
      0.0,
      132.65033,
      -121.7395,
      0.0063801915,
      1.0
    ]
  },
  "RightForeArm": {
    "name": "RightForeArm",
    "id": 39,
    "parent_id": 38,
    "offset_matrix": [
      -0.0011087621,
      -0.999996,
      0.0025905732,
      0.0,
      -0.9999994,
      0.001108758,
      -0.0000029972832,
      0.0,
      1.2495252e-7,
      -0.0025905748,
      -0.9999966,
      0.0,
      10.6183,
      -56.72226,
      174.18552,
      1.0
    ]
  },
  "RightHandThumb2": {
    "name": "RightHandThumb2",
    "id": 42,
    "parent_id": 41,
    "offset_matrix": [
      0.5138797,
      -0.77278304,
      0.37247038,
      0.0,
      -0.85774267,
      -0.45559603,
      0.23813865,
      0.0,
      -0.014333459,
      -0.44185832,
      -0.8969704,
      0.0,
      54.911484,
      1.4942094,
      185.00133,
      1.0
    ]
  },
  "LeftHand": {
    "name": "LeftHand",
    "id": 16,
    "parent_id": 15,
    "offset_matrix": [
      -0.0011088634,
      0.999996,
      -0.0025819775,
      0.0,
      0.9999994,
      0.0011088593,
      -0.0000029908806,
      0.0,
      -1.2781857e-7,
      -0.0025819794,
      -0.99999666,
      0.0,
      -10.61826,
      -85.67525,
      174.1851,
      1.0
    ]
  },
  "RightHandRing2": {
    "name": "RightHandRing2",
    "id": 54,
    "parent_id": 53,
    "offset_matrix": [
      -0.012322119,
      -0.9999224,
      0.0018563311,
      0.0,
      -0.9999242,
      0.012322097,
      -0.000023000206,
      0.0,
      1.2452803e-7,
      -0.0018564735,
      -0.9999983,
      0.0,
      13.857943,
      -107.4907,
      174.22182,
      1.0
    ]
  },
  "RightHandRing1": {
    "name": "RightHandRing1",
    "id": 53,
    "parent_id": 40,
    "offset_matrix": [
      -0.012367727,
      -0.99992317,
      0.0009215546,
      0.0,
      -0.99992365,
      0.012367722,
      -0.000011522943,
      0.0,
      1.2452712e-7,
      -0.0009216266,
      -0.99999964,
      0.0,
      13.853025,
      -102.22874,
      174.12129,
      1.0
    ]
  },
  "LeftHandIndex2": {
    "name": "LeftHandIndex2",
    "id": 22,
    "parent_id": 21,
    "offset_matrix": [
      -0.012333107,
      0.99992245,
      -0.0017556077,
      0.0,
      0.99992406,
      0.012333088,
      -0.000021781301,
      0.0,
      -1.2754937e-7,
      -0.0017557429,
      -0.9999985,
      0.0,
      -4.966858,
      -107.50149,
      172.59901,
      1.0
    ]
  },
  "LeftHandIndex4": {
    "name": "LeftHandIndex4",
    "id": 24,
    "parent_id": 23,
    "offset_matrix": [
      -0.012480174,
      0.99992067,
      -0.0017351278,
      0.0,
      0.9999223,
      0.012480154,
      -0.000021783933,
      0.0,
      -1.2754573e-7,
      -0.0017352646,
      -0.9999985,
      0.0,
      -4.9502163,
      -117.408554,
      172.59671,
      1.0
    ]
  },
  "LeftLeg": {
    "name": "LeftLeg",
    "id": 68,
    "parent_id": 67,
    "offset_matrix": [
      -1.0000001,
      1.0841446e-8,
      -1.2302004e-7,
      0.0,
      1.2349093e-7,
      0.07803651,
      -0.99695057,
      0.0,
      -1.2083313e-9,
      -0.99695057,
      -0.07803651,
      0.0,
      11.727678,
      63.928814,
      4.5550613,
      1.0
    ]
  },
  "RightHandPinky3": {
    "name": "RightHandPinky3",
    "id": 59,
    "parent_id": 58,
    "offset_matrix": [
      -0.012451684,
      -0.999922,
      -0.001010162,
      0.0,
      -0.9999226,
      0.012451677,
      0.000012454659,
      0.0,
      1.2452439e-7,
      0.0010102389,
      -0.9999995,
      0.0,
      17.164814,
      -107.734184,
      172.28125,
      1.0
    ]
  },
  "LeftToe_End": {
    "name": "LeftToe_End",
    "id": 71,
    "parent_id": 70,
    "offset_matrix": [
      -0.99781394,
      0.066087246,
      -0.00012350752,
      0.0,
      -0.066087365,
      -0.99781215,
      0.0018401284,
      0.0,
      -0.0000016283013,
      0.0018442678,
      0.99999833,
      0.0,
      13.033945,
      -32.26655,
      -0.047707293,
      1.0
    ]
  },
  "LeftHandThumb2": {
    "name": "LeftHandThumb2",
    "id": 18,
    "parent_id": 17,
    "offset_matrix": [
      0.5161074,
      0.7727965,
      -0.36934897,
      0.0,
      0.8562961,
      -0.45558938,
      0.2433007,
      0.0,
      0.019750461,
      -0.4418414,
      -0.8968757,
      0.0,
      -56.026657,
      1.4901657,
      184.667,
      1.0
    ]
  },
  "Spine1": {
    "name": "Spine1",
    "id": 2,
    "parent_id": 1,
    "offset_matrix": [
      1.0,
      -1.6758504e-10,
      8.9474494e-10,
      0.0,
      9.096211e-10,
      0.1458952,
      -0.9893,
      0.0,
      3.5252898e-11,
      0.9893,
      0.1458952,
      0.0,
      -0.000006634494,
      -146.56593,
      -17.758392,
      0.99999994
    ]
  },
  "LeftHandIndex3": {
    "name": "LeftHandIndex3",
    "id": 23,
    "parent_id": 22,
    "offset_matrix": [
      -0.012480174,
      0.99992067,
      -0.0017351278,
      0.0,
      0.9999223,
      0.012480154,
      -0.000021783933,
      0.0,
      -1.2754573e-7,
      -0.0017352646,
      -0.9999985,
      0.0,
      -4.9502163,
      -112.84526,
      172.59671,
      1.0
    ]
  },
  "RightHandMiddle4": {
    "name": "RightHandMiddle4",
    "id": 52,
    "parent_id": 51,
    "offset_matrix": [
      -0.012379431,
      -0.9999229,
      0.0010180029,
      0.0,
      -0.99992347,
      0.012379425,
      -0.0000127278,
      0.0,
      1.2452894e-7,
      -0.0010180824,
      -0.9999995,
      0.0,
      9.393313,
      -118.93926,
      174.0642,
      1.0
    ]
  },
  "LeftHandMiddle3": {
    "name": "LeftHandMiddle3",
    "id": 27,
    "parent_id": 26,
    "offset_matrix": [
      -0.012365782,
      0.999923,
      -0.0010805869,
      0.0,
      0.99992365,
      0.012365773,
      -0.000013490878,
      0.0,
      -1.2754664e-7,
      -0.0010806711,
      -0.9999994,
      0.0,
      -9.39489,
      -114.017166,
      174.0718,
      1.0
    ]
  },
  "RightHandRing4": {
    "name": "RightHandRing4",
    "id": 56,
    "parent_id": 55,
    "offset_matrix": [
      -0.012365591,
      -0.9999231,
      0.0009931799,
      0.0,
      -0.9999237,
      0.012365584,
      -0.00001240673,
      0.0,
      1.2452712e-7,
      -0.0009932573,
      -0.9999995,
      0.0,
      13.853069,
      -115.978294,
      174.12527,
      1.0
    ]
  },
  "RightHandPinky1": {
    "name": "RightHandPinky1",
    "id": 57,
    "parent_id": 40,
    "offset_matrix": [
      -0.012349251,
      -0.999923,
      0.001302599,
      0.0,
      -0.9999238,
      0.01234924,
      -0.000016211883,
      0.0,
      1.2452985e-7,
      -0.0013026999,
      -0.9999992,
      0.0,
      17.175747,
      -100.085106,
      172.52751,
      1.0
    ]
  },
  "LeftToeBase": {
    "name": "LeftToeBase",
    "id": 70,
    "parent_id": 69,
    "offset_matrix": [
      -0.99781394,
      0.066087246,
      -0.00012350752,
      0.0,
      -0.066087365,
      -0.99781215,
      0.0018401284,
      0.0,
      -0.0000016283013,
      0.0018442678,
      0.99999833,
      0.0,
      13.033945,
      -11.673634,
      -0.047707293,
      1.0
    ]
  },
  "LeftHandMiddle1": {
    "name": "LeftHandMiddle1",
    "id": 25,
    "parent_id": 16,
    "offset_matrix": [
      -0.012355247,
      0.9999228,
      -0.0013425053,
      0.0,
      0.99992377,
      0.012355235,
      -0.000016715807,
      0.0,
      -1.2754755e-7,
      -0.0013426094,
      -0.9999991,
      0.0,
      -9.396316,
      -102.85502,
      174.10579,
      1.0
    ]
  },
  "LeftHandRing2": {
    "name": "LeftHandRing2",
    "id": 30,
    "parent_id": 29,
    "offset_matrix": [
      -0.01232035,
      0.9999221,
      -0.0019948962,
      0.0,
      0.9999241,
      0.012320325,
      -0.000024707242,
      0.0,
      -1.2754572e-7,
      -0.0019950492,
      -0.999998,
      0.0,
      -13.858179,
      -107.46648,
      174.23715,
      1.0
    ]
  },
  "LeftHandThumb4": {
    "name": "LeftHandThumb4",
    "id": 20,
    "parent_id": 19,
    "offset_matrix": [
      0.5177227,
      0.7716641,
      -0.3694563,
      0.0,
      0.85534143,
      -0.45734432,
      0.2433671,
      0.0,
      0.018828915,
      -0.4420079,
      -0.89681363,
      0.0,
      -56.037018,
      -9.720063,
      184.66753,
      1.0
    ]
  },
  "LeftEye": {
    "name": "LeftEye",
    "id": 7,
    "parent_id": 5,
    "offset_matrix": [
      1.0,
      3.28919e-11,
      9.097095e-10,
      0.0,
      9.096211e-10,
      -0.07480697,
      -0.997198,
      0.0,
      3.5252887e-11,
      0.997198,
      -0.07480697,
      0.0,
      -4.126153,
      -201.40746,
      3.8871744,
      0.99999994
    ]
  },
  "LeftHandRing1": {
    "name": "LeftHandRing1",
    "id": 29,
    "parent_id": 16,
    "offset_matrix": [
      -0.012378318,
      0.99992293,
      -0.00090357236,
      0.0,
      0.9999234,
      0.012378312,
      -0.000011313118,
      0.0,
      -1.2754481e-7,
      -0.0009036432,
      -0.9999996,
      0.0,
      -13.851929,
      -102.232254,
      174.11977,
      1.0
    ]
  },
  "LeftHandRing3": {
    "name": "LeftHandRing3",
    "id": 31,
    "parent_id": 30,
    "offset_matrix": [
      -0.012361254,
      0.9999231,
      -0.0010351491,
      0.0,
      0.9999237,
      0.012361246,
      -0.0000129242735,
      0.0,
      -1.2754573e-7,
      -0.0010352298,
      -0.9999995,
      0.0,
      -13.853595,
      -111.9435,
      174.12979,
      1.0
    ]
  },
  "RightHandIndex4": {
    "name": "RightHandIndex4",
    "id": 48,
    "parent_id": 47,
    "offset_matrix": [
      -0.012479861,
      -0.9999206,
      0.0017529938,
      0.0,
      -0.9999223,
      0.012479842,
      -0.000022003353,
      0.0,
      1.2452439e-7,
      -0.0017531319,
      -0.9999985,
      0.0,
      4.9502535,
      -117.40554,
      172.59909,
      1.0
    ]
  },
  "LeftShoulder": {
    "name": "LeftShoulder",
    "id": 13,
    "parent_id": 3,
    "offset_matrix": [
      -0.23631345,
      0.9714398,
      -0.021469545,
      0.0,
      0.9716637,
      0.23636791,
      -1.2852253e-7,
      0.0,
      0.0050745863,
      -0.020861205,
      -0.99976957,
      0.0,
      -4.555815,
      -4.747027,
      174.43103,
      1.0
    ]
  },
  "LeftHandPinky1": {
    "name": "LeftHandPinky1",
    "id": 33,
    "parent_id": 16,
    "offset_matrix": [
      -0.012347003,
      0.999923,
      -0.0012915211,
      0.0,
      0.9999239,
      0.012346993,
      -0.000016075188,
      0.0,
      -1.2754755e-7,
      -0.0012916212,
      -0.9999992,
      0.0,
      -17.175974,
      -100.08691,
      172.52666,
      1.0
    ]
  },
  "RightHand": {
    "name": "RightHand",
    "id": 40,
    "parent_id": 39,
    "offset_matrix": [
      -0.0011087621,
      -0.999996,
      0.0025905732,
      0.0,
      -0.9999994,
      0.001108758,
      -0.0000029972832,
      0.0,
      1.2495252e-7,
      -0.0025905748,
      -0.9999966,
      0.0,
      10.6182995,
      -85.673775,
      174.18552,
      1.0
    ]
  },
  "LeftUpLeg": {
    "name": "LeftUpLeg",
    "id": 67,
    "parent_id": 0,
    "offset_matrix": [
      -1.0000001,
      -5.3526077e-12,
      -1.2349683e-7,
      0.0,
      1.2349093e-7,
      -0.009827652,
      -0.9999518,
      0.0,
      -1.2083315e-9,
      -0.9999518,
      0.009827652,
      0.0,
      11.727678,
      112.653824,
      -1.0774361,
      1.0
    ]
  },
  "LeftHandIndex1": {
    "name": "LeftHandIndex1",
    "id": 21,
    "parent_id": 16,
    "offset_matrix": [
      -0.012620964,
      0.99991894,
      -0.001716606,
      0.0,
      0.9999204,
      0.0126209445,
      -0.000021794494,
      0.0,
      -1.2754028e-7,
      -0.0017167444,
      -0.99999857,
      0.0,
      -4.9358225,
      -101.86104,
      172.59483,
      1.0
    ]
  },
  "RightToeBase": {
    "name": "RightToeBase",
    "id": 65,
    "parent_id": 64,
    "offset_matrix": [
      -0.99781394,
      -0.066087425,
      0.00012023275,
      0.0,
      0.066087544,
      -0.99781215,
      0.0018402783,
      0.0,
      -0.0000016495544,
      0.001844201,
      0.99999833,
      0.0,
      -13.033953,
      -11.673697,
      -0.0478237,
      1.0
    ]
  },
  "LeftHandRing4": {
    "name": "LeftHandRing4",
    "id": 32,
    "parent_id": 31,
    "offset_matrix": [
      -0.012361254,
      0.9999231,
      -0.0010351491,
      0.0,
      0.9999237,
      0.012361246,
      -0.0000129242735,
      0.0,
      -1.2754573e-7,
      -0.0010352298,
      -0.9999995,
      0.0,
      -13.853595,
      -115.97097,
      174.12978,
      1.0
    ]
  },
  "Hair3": {
    "name": "Hair3",
    "id": 11,
    "parent_id": 10,
    "offset_matrix": [
      -4.9077664e-10,
      -7.666759e-10,
      1.0,
      0.0,
      0.57134676,
      0.8207089,
      9.0962127e-10,
      0.0,
      -0.82070893,
      0.5713467,
      3.5253e-11,
      0.0,
      142.54025,
      -121.7395,
      0.006380192,
      1.0
    ]
  },
  "RightHandPinky2": {
    "name": "RightHandPinky2",
    "id": 58,
    "parent_id": 57,
    "offset_matrix": [
      -0.012374429,
      -0.9999233,
      0.00058645726,
      0.0,
      -0.9999236,
      0.012374426,
      -0.0000073821648,
      0.0,
      1.2452803e-7,
      -0.00058650365,
      -0.9999999,
      0.0,
      17.173124,
      -104.04736,
      172.45305,
      1.0
    ]
  },
  "RightHandIndex2": {
    "name": "RightHandIndex2",
    "id": 46,
    "parent_id": 45,
    "offset_matrix": [
      -0.012334713,
      -0.99992245,
      0.0016854869,
      0.0,
      -0.99992394,
      0.012334695,
      -0.000020916117,
      0.0,
      1.2452801e-7,
      -0.0016856167,
      -0.99999857,
      0.0,
      4.966676,
      -107.51369,
      172.59146,
      1.0
    ]
  },
  "HeadTop_End": {
    "name": "HeadTop_End",
    "id": 6,
    "parent_id": 5,
    "offset_matrix": [
      1.0000001,
      -3.5253002e-11,
      9.0962116e-10,
      0.0,
      9.096212e-10,
      1.2581707e-7,
      -1.0,
      0.0,
      3.5252887e-11,
      1.0,
      1.2581707e-7,
      0.0,
      -0.0000066364178,
      -213.54813,
      -5.399049,
      1.0
    ]
  },
  "LeftFoot": {
    "name": "LeftFoot",
    "id": 69,
    "parent_id": 68,
    "offset_matrix": [
      -0.99476254,
      0.09758308,
      0.03042319,
      0.0,
      -0.088520564,
      -0.67361665,
      -0.73376083,
      0.0,
      -0.05110906,
      -0.73261064,
      0.67872655,
      0.0,
      12.753467,
      12.440296,
      -8.38095,
      1.0000001
    ]
  },
  "LeftHandThumb3": {
    "name": "LeftHandThumb3",
    "id": 19,
    "parent_id": 18,
    "offset_matrix": [
      0.5177227,
      0.7716641,
      -0.3694563,
      0.0,
      0.85534143,
      -0.45734432,
      0.2433671,
      0.0,
      0.018828915,
      -0.4420079,
      -0.89681363,
      0.0,
      -56.037018,
      -4.656182,
      184.66753,
      1.0
    ]
  },
  "Weapon": {
    "name": "Weapon",
    "id": 61,
    "parent_id": 40,
    "offset_matrix": [
      0.95007306,
      0.038417444,
      -0.3096539,
      0.0,
      -0.30748335,
      -0.05348648,
      -0.95004916,
      0.0,
      -0.053060763,
      0.9978294,
      -0.039003335,
      0.0,
      105.37054,
      -164.0512,
      -11.950955,
      1.0
    ]
  },
  "Spine2": {
    "name": "Spine2",
    "id": 3,
    "parent_id": 2,
    "offset_matrix": [
      1.0000001,
      -3.5253002e-11,
      9.0962116e-10,
      0.0,
      9.096212e-10,
      1.2581707e-7,
      -1.0,
      0.0,
      3.5252887e-11,
      1.0,
      1.2581707e-7,
      0.0,
      -0.000006634495,
      -163.3954,
      6.1459546,
      1.0
    ]
  },
  "Head": {
    "name": "Head",
    "id": 5,
    "parent_id": 4,
    "offset_matrix": [
      1.0000001,
      -3.5253002e-11,
      9.0962116e-10,
      0.0,
      9.096212e-10,
      1.2581707e-7,
      -1.0,
      0.0,
      3.5252887e-11,
      1.0,
      1.2581707e-7,
      0.0,
      -0.0000066395473,
      -191.37007,
      1.6101345,
      1.0
    ]
  },
  "RightFoot": {
    "name": "RightFoot",
    "id": 64,
    "parent_id": 63,
    "offset_matrix": [
      -0.9947623,
      -0.09758268,
      -0.030425765,
      0.0,
      0.088522375,
      -0.6736193,
      -0.73375803,
      0.0,
      0.0511067,
      -0.73260814,
      0.6787293,
      0.0,
      -12.753457,
      12.440283,
      -8.381049,
      1.0
    ]
  },
  "RightShoulder": {
    "name": "RightShoulder",
    "id": 37,
    "parent_id": 3,
    "offset_matrix": [
      -0.23631178,
      -0.97144026,
      0.021459159,
      0.0,
      -0.9716641,
      0.2363662,
      -1.2526289e-7,
      0.0,
      -0.005072098,
      -0.020851122,
      -0.9997697,
      0.0,
      4.555399,
      -4.7487626,
      174.43108,
      0.99999994
    ]
  },
  "RightHandIndex1": {
    "name": "RightHandIndex1",
    "id": 45,
    "parent_id": 40,
    "offset_matrix": [
      -0.012621171,
      -0.99991876,
      0.0017702903,
      0.0,
      -0.99992037,
      0.012621149,
      -0.000022469441,
      0.0,
      1.245171e-7,
      -0.0017704328,
      -0.9999984,
      0.0,
      4.9357924,
      -101.85201,
      172.60059,
      1.0
    ]
  },
  "RightToe_End": {
    "name": "RightToe_End",
    "id": 66,
    "parent_id": 65,
    "offset_matrix": [
      -0.99781394,
      -0.066087425,
      0.00012023275,
      0.0,
      0.066087544,
      -0.99781215,
      0.0018402783,
      0.0,
      -0.0000016495544,
      0.001844201,
      0.99999833,
      0.0,
      -13.033953,
      -32.26667,
      -0.047823705,
      1.0
    ]
  },
  "LeftForeArm": {
    "name": "LeftForeArm",
    "id": 15,
    "parent_id": 14,
    "offset_matrix": [
      -0.0011088634,
      0.999996,
      -0.0025819775,
      0.0,
      0.9999994,
      0.0011088593,
      -0.0000029908806,
      0.0,
      -1.2781857e-7,
      -0.0025819794,
      -0.99999666,
      0.0,
      -10.61826,
      -56.723732,
      174.1851,
      1.0
    ]
  },
  "RightHandMiddle1": {
    "name": "RightHandMiddle1",
    "id": 49,
    "parent_id": 40,
    "offset_matrix": [
      -0.0123582445,
      -0.9999226,
      0.0014908613,
      0.0,
      -0.9999237,
      0.01235823,
      -0.000018550369,
      0.0,
      1.2452803e-7,
      -0.0014909767,
      -0.9999989,
      0.0,
      9.396005,
      -102.829506,
      174.12152,
      1.0
    ]
  },
  "LeftHandMiddle4": {
    "name": "LeftHandMiddle4",
    "id": 28,
    "parent_id": 27,
    "offset_matrix": [
      -0.012365782,
      0.999923,
      -0.0010805869,
      0.0,
      0.99992365,
      0.012365773,
      -0.000013490878,
      0.0,
      -1.2754664e-7,
      -0.0010806711,
      -0.9999994,
      0.0,
      -9.394891,
      -118.92834,
      174.07181,
      1.0
    ]
  },
  "LeftHandMiddle2": {
    "name": "LeftHandMiddle2",
    "id": 26,
    "parent_id": 25,
    "offset_matrix": [
      -0.012311906,
      0.9999219,
      -0.0021582805,
      0.0,
      0.9999243,
      0.012311876,
      -0.000026702113,
      0.0,
      -1.2754573e-7,
      -0.0021584458,
      -0.9999977,
      0.0,
      -9.401045,
      -108.748856,
      174.19458,
      1.0
    ]
  },
  "LeftHandPinky2": {
    "name": "LeftHandPinky2",
    "id": 34,
    "parent_id": 33,
    "offset_matrix": [
      -0.012374841,
      0.9999232,
      -0.0006814191,
      0.0,
      0.9999235,
      0.012374837,
      -0.000008560654,
      0.0,
      -1.2754664e-7,
      -0.0006814728,
      -0.99999976,
      0.0,
      -17.173075,
      -104.03067,
      172.4632,
      1.0
    ]
  },
  "RightHandIndex3": {
    "name": "RightHandIndex3",
    "id": 47,
    "parent_id": 46,
    "offset_matrix": [
      -0.012479861,
      -0.9999206,
      0.0017529938,
      0.0,
      -0.9999223,
      0.012479842,
      -0.000022003353,
      0.0,
      1.2452439e-7,
      -0.0017531319,
      -0.9999985,
      0.0,
      4.9502535,
      -112.842186,
      172.59909,
      1.0
    ]
  },
  "RightHandMiddle3": {
    "name": "RightHandMiddle3",
    "id": 51,
    "parent_id": 50,
    "offset_matrix": [
      -0.012379431,
      -0.9999229,
      0.0010180029,
      0.0,
      -0.99992347,
      0.012379425,
      -0.0000127278,
      0.0,
      1.2452894e-7,
      -0.0010180824,
      -0.9999995,
      0.0,
      9.3933115,
      -114.027885,
      174.0642,
      1.0
    ]
  },
  "Spine": {
    "name": "Spine",
    "id": 1,
    "parent_id": 0,
    "offset_matrix": [
      1.0000001,
      -1.675849e-10,
      8.9474506e-10,
      0.0,
      9.096212e-10,
      0.14589505,
      -0.98930013,
      0.0,
      3.5252874e-11,
      0.98930013,
      0.14589505,
      0.0,
      -0.0000066344955,
      -132.53246,
      -17.75837,
      1.0
    ]
  },
  "RightHandMiddle2": {
    "name": "RightHandMiddle2",
    "id": 50,
    "parent_id": 49,
    "offset_matrix": [
      -0.012304648,
      -0.9999219,
      0.0021654842,
      0.0,
      -0.99992436,
      0.012304619,
      -0.00002677208,
      0.0,
      1.2453347e-7,
      -0.0021656498,
      -0.9999976,
      0.0,
      9.401854,
      -108.74795,
      174.19492,
      1.0
    ]
  },
  "RightUpLeg": {
    "name": "RightUpLeg",
    "id": 62,
    "parent_id": 0,
    "offset_matrix": [
      -1.0000001,
      -1.2182778e-9,
      -1.2154213e-7,
      0.0,
      1.2154824e-7,
      -0.009827642,
      -0.9999518,
      0.0,
      2.3746675e-11,
      -0.9999518,
      0.009827642,
      0.0,
      -11.7277,
      112.653854,
      -1.0774382,
      1.0
    ]
  },
  "LeftHandThumb1": {
    "name": "LeftHandThumb1",
    "id": 17,
    "parent_id": 16,
    "offset_matrix": [
      0.5022919,
      0.7822905,
      -0.36840817,
      0.0,
      0.86425835,
      -0.44060344,
      0.24274735,
      0.0,
      0.027577046,
      -0.44032982,
      -0.89741254,
      0.0,
      -56.040516,
      7.1699,
      184.66862,
      1.0
    ]
  },
  "LeftArm": {
    "name": "LeftArm",
    "id": 14,
    "parent_id": 13,
    "offset_matrix": [
      -0.012970186,
      0.99990517,
      0.0046481397,
      0.0,
      0.9999161,
      0.012970046,
      0.000060164755,
      0.0,
      -1.27533e-7,
      0.004648529,
      -0.9999893,
      0.0,
      -9.93936,
      -27.693502,
      173.76988,
      1.0
    ]
  },
  "RightLeg": {
    "name": "RightLeg",
    "id": 63,
    "parent_id": 62,
    "offset_matrix": [
      -1.0000001,
      9.461522e-9,
      -1.2117941e-7,
      0.0,
      1.2154823e-7,
      0.07803649,
      -0.99695057,
      0.0,
      2.3746342e-11,
      -0.99695057,
      -0.07803649,
      0.0,
      -11.7277,
      63.9288,
      4.555056,
      1.0
    ]
  },
  "Hips": {
    "name": "Hips",
    "id": 0,
    "parent_id": -1,
    "offset_matrix": [
      0.99999964,
      0.0009498089,
      0.000030968957,
      0.0,
      0.000030971758,
      -0.000002935571,
      -1.0,
      0.0,
      -0.00094980886,
      0.9999996,
      -0.000002964987,
      0.0,
      0.115728274,
      -121.86193,
      0.38619468,
      1.0
    ]
  },
  "LeftHandPinky4": {
    "name": "LeftHandPinky4",
    "id": 36,
    "parent_id": 35,
    "offset_matrix": [
      -0.012462516,
      0.9999218,
      0.0010739331,
      0.0,
      0.9999224,
      0.012462509,
      0.000013257392,
      0.0,
      -1.2754573e-7,
      0.0010740149,
      -0.99999946,
      0.0,
      -17.163645,
      -111.704704,
      172.27432,
      1.0
    ]
  },
  "LeftHandPinky3": {
    "name": "LeftHandPinky3",
    "id": 35,
    "parent_id": 34,
    "offset_matrix": [
      -0.012462516,
      0.9999218,
      0.0010739331,
      0.0,
      0.9999224,
      0.012462509,
      0.000013257392,
      0.0,
      -1.2754573e-7,
      0.0010740149,
      -0.99999946,
      0.0,
      -17.163645,
      -107.74541,
      172.27432,
      1.0
    ]
  },
  "RightHandRing3": {
    "name": "RightHandRing3",
    "id": 55,
    "parent_id": 54,
    "offset_matrix": [
      -0.012365591,
      -0.9999231,
      0.0009931799,
      0.0,
      -0.9999237,
      0.012365584,
      -0.00001240673,
      0.0,
      1.2452712e-7,
      -0.0009932573,
      -0.9999995,
      0.0,
      13.853069,
      -111.95099,
      174.12527,
      1.0
    ]
  },
  "RightHandThumb3": {
    "name": "RightHandThumb3",
    "id": 43,
    "parent_id": 42,
    "offset_matrix": [
      0.51545423,
      -0.7717132,
      0.37251282,
      0.0,
      -0.85681194,
      -0.45732877,
      0.23816802,
      0.0,
      -0.013436558,
      -0.4419381,
      -0.896945,
      0.0,
      54.9218,
      -4.672646,
      185.00137,
      1.0
    ]
  },
  "Hair2": {
    "name": "Hair2",
    "id": 10,
    "parent_id": 9,
    "offset_matrix": [
      -4.032831e-10,
      -8.160981e-10,
      1.0,
      0.0,
      0.47740677,
      0.8786825,
      9.096211e-10,
      0.0,
      -0.87868255,
      0.47740674,
      3.5252915e-11,
      0.0,
      163.84633,
      -105.28692,
      0.0063801915,
      1.0
    ]
  },
  "Hair1": {
    "name": "Hair1",
    "id": 9,
    "parent_id": 5,
    "offset_matrix": [
      -3.355857e-10,
      -8.4618906e-10,
      1.0,
      0.0,
      0.40437475,
      0.91459346,
      9.0962127e-10,
      0.0,
      -0.9145935,
      0.40437472,
      3.5253026e-11,
      0.0,
      180.11061,
      -91.6149,
      0.006380192,
      1.0
    ]
  },
  "RightHandPinky4": {
    "name": "RightHandPinky4",
    "id": 60,
    "parent_id": 59,
    "offset_matrix": [
      -0.012451684,
      -0.999922,
      -0.001010162,
      0.0,
      -0.9999226,
      0.012451677,
      0.000012454659,
      0.0,
      1.2452439e-7,
      0.0010102389,
      -0.9999995,
      0.0,
      17.164814,
      -111.69349,
      172.28125,
      1.0
    ]
  },
  "RightHandThumb1": {
    "name": "RightHandThumb1",
    "id": 41,
    "parent_id": 40,
    "offset_matrix": [
      0.5000609,
      -0.78229326,
      0.37142476,
      0.0,
      -0.8657069,
      -0.44061193,
      0.23751351,
      0.0,
      -0.022151038,
      -0.44031623,
      -0.8975694,
      0.0,
      54.92351,
      7.1671524,
      185.00359,
      1.0
    ]
  },
  "Neck": {
    "name": "Neck",
    "id": 4,
    "parent_id": 3,
    "offset_matrix": [
      1.0000001,
      -3.5253002e-11,
      9.0962116e-10,
      0.0,
      9.096212e-10,
      1.2581707e-7,
      -1.0,
      0.0,
      3.5252887e-11,
      1.0,
      1.2581707e-7,
      0.0,
      -0.0000066410435,
      -181.96628,
      4.6556406,
      1.0
    ]
  },
  "RightArm": {
    "name": "RightArm",
    "id": 38,
    "parent_id": 37,
    "offset_matrix": [
      -0.012972778,
      -0.99990517,
      -0.0046361773,
      0.0,
      -0.999916,
      0.012972639,
      0.000060024642,
      0.0,
      1.2450256e-7,
      0.0046365657,
      -0.9999893,
      0.0,
      9.939243,
      -27.6914,
      173.77048,
      1.0
    ]
  },
  "RightHandThumb4": {
    "name": "RightHandThumb4",
    "id": 44,
    "parent_id": 43,
    "offset_matrix": [
      0.51545423,
      -0.7717132,
      0.37251282,
      0.0,
      -0.85681194,
      -0.45732877,
      0.23816802,
      0.0,
      -0.013436558,
      -0.4419381,
      -0.896945,
      0.0,
      54.9218,
      -9.736695,
      185.00139,
      1.0
    ]
  }
}