{
  "mixamorig:RightHandPinky4": {
    "name": "mixamorig:RightHandPinky4",
    "id": 60,
    "parent_id": 59,
    "offset_matrix": [
      -0.012451676,
      -9.094948e-13,
      0.9999226,
      17.16483,
      -0.99992204,
      0.0010102774,
      -0.012451668,
      -111.69349,
      -0.0010101991,
      -0.9999996,
      -0.000012579644,
      172.28127,
      0.0,
      0.0,
      0.0,
      1.0
    ]
  },
  "mixamorig:LeftToe_End": {
    "name": "mixamorig:LeftToe_End",
    "id": 71,
    "parent_id": 70,
    "offset_matrix": [
      -0.99781394,
      -0.0000016328634,
      0.066087365,
      13.033946,
      0.06608725,
      0.0018440929,
      0.9978122,
      -32.266537,
      -0.0001235005,
      0.9999984,
      -0.0018399535,
      -0.04770601,
      0.0,
      0.0,
      0.0,
      1.0
    ]
  },
  "mixamorig:LeftHandPinky4": {
    "name": "mixamorig:LeftHandPinky4",
    "id": 36,
    "parent_id": 35,
    "offset_matrix": [
      -0.012462486,
      -0.0,
      -0.9999224,
      -17.163664,
      0.99992186,
      0.00107404,
      -0.012462479,
      -111.70472,
      0.0010739565,
      -0.9999995,
      -0.000013385207,
      172.27435,
      0.0,
      0.0,
      0.0,
      1.0
    ]
  },
  "mixamorig:RightHandIndex1": {
    "name": "mixamorig:RightHandIndex1",
    "id": 45,
    "parent_id": 40,
    "offset_matrix": [
      -0.012621161,
      0.0,
      0.99992037,
      4.9358077,
      -0.9999188,
      -0.0017703944,
      -0.012621141,
      -101.85203,
      0.0017702535,
      -0.99999845,
      0.000022344433,
      172.60059,
      0.0,
      0.0,
      0.0,
      1.0
    ]
  },
  "mixamorig:RightHandMiddle1": {
    "name": "mixamorig:RightHandMiddle1",
    "id": 49,
    "parent_id": 40,
    "offset_matrix": [
      -0.012358235,
      0.0,
      0.9999237,
      9.39602,
      -0.99992263,
      -0.0014909384,
      -0.012358221,
      -102.829506,
      0.0014908245,
      -0.999999,
      0.000018425362,
      174.12152,
      0.0,
      0.0,
      0.0,
      1.0
    ]
  },
  "mixamorig:RightHandMiddle4": {
    "name": "mixamorig:RightHandMiddle4",
    "id": 52,
    "parent_id": 51,
    "offset_matrix": [
      -0.012379423,
      0.0,
      0.99992347,
      9.393328,
      -0.99992293,
      -0.0010180442,
      -0.012379416,
      -118.93928,
      0.0010179662,
      -0.9999996,
      0.000012602798,
      174.06418,
      0.0,
      0.0,
      0.0,
      1.0
    ]
  },
  "mixamorig:Head": {
    "name": "mixamorig:Head",
    "id": 5,
    "parent_id": 4,
    "offset_matrix": [
      1.0,
      2.5070402e-11,
      -7.9532103e-10,
      -0.000006637416,
      -2.5070402e-11,
      1.0,
      -2.7755576e-17,
      -191.37007,
      7.9532103e-10,
      2.7775514e-17,
      1.0,
      1.6101497,
      0.0,
      0.0,
      0.0,
      1.0
    ]
  },
  "mixamorig:LeftHandRing2": {
    "name": "mixamorig:LeftHandRing2",
    "id": 30,
    "parent_id": 29,
    "offset_matrix": [
      -0.012320318,
      1.8189894e-12,
      -0.9999241,
      -13.858196,
      0.99992216,
      -0.0019950247,
      -0.012320294,
      -107.46649,
      -0.0019948732,
      -0.99999803,
      0.000024579336,
      174.23717,
      0.0,
      0.0,
      0.0,
      1.0
    ]
  },
  "mixamorig:LeftHandMiddle4": {
    "name": "mixamorig:LeftHandMiddle4",
    "id": 28,
    "parent_id": 27,
    "offset_matrix": [
      -0.012365751,
      -9.094948e-13,
      -0.99992365,
      -9.394906,
      0.99992305,
      -0.0010806463,
      -0.012365743,
      -118.92835,
      -0.0010805638,
      -0.99999946,
      0.000013363002,
      174.07181,
      0.0,
      0.0,
      0.0,
      1.0
    ]
  },
  "mixamorig:RightHandMiddle3": {
    "name": "mixamorig:RightHandMiddle3",
    "id": 51,
    "parent_id": 50,
    "offset_matrix": [
      -0.012379423,
      0.0,
      0.99992347,
      9.393329,
      -0.99992293,
      -0.0010180442,
      -0.012379416,
      -114.0279,
      0.0010179662,
      -0.9999996,
      0.000012602798,
      174.0642,
      0.0,
      0.0,
      0.0,
      1.0
    ]
  },
  "mixamorig:RightHandThumb2": {
    "name": "mixamorig:RightHandThumb2",
    "id": 42,
    "parent_id": 41,
    "offset_matrix": [
      0.51387966,
      -0.014333606,
      0.8577425,
      54.911488,
      -0.772783,
      -0.4418583,
      0.45559597,
      1.4942017,
      0.37247032,
      -0.89697033,
      -0.23813875,
      185.00131,
      0.0,
      0.0,
      0.0,
      1.0
    ]
  },
  "mixamorig:LeftEye": {
    "name": "mixamorig:LeftEye",
    "id": 7,
    "parent_id": 5,
    "offset_matrix": [
      1.0,
      2.5070397e-11,
      -7.953209e-10,
      -4.1261535,
      3.4495507e-11,
      0.9971979,
      0.0748071,
      -201.40744,
      7.949679e-10,
      -0.0748071,
      0.9971979,
      3.8871894,
      0.0,
      0.0,
      0.0,
      1.0
    ]
  },
  "mixamorig:RightEye": {
    "name": "mixamorig:RightEye",
    "id": 8,
    "parent_id": 5,
    "offset_matrix": [
      1.0,
      2.5070397e-11,
      -7.953209e-10,
      3.8829265,
      3.4495507e-11,
      0.9971979,
      0.0748071,
      -201.40733,
      7.949679e-10,
      -0.0748071,
      0.9971979,
      3.8885455,
      0.0,
      0.0,
      0.0,
      1.0
    ]
  },
  "mixamorig:RightHandRing3": {
    "name": "mixamorig:RightHandRing3",
    "id": 55,
    "parent_id": 54,
    "offset_matrix": [
      -0.01236558,
      0.0,
      0.9999236,
      13.853083,
      -0.99992305,
      -0.000993219,
      -0.012365574,
      -111.95099,
      0.000993143,
      -0.99999946,
      0.000012281726,
      174.12529,
      0.0,
      0.0,
      0.0,
      1.0
    ]
  },
  "mixamorig:LeftUpLeg": {
    "name": "mixamorig:LeftUpLeg",
    "id": 67,
    "parent_id": 0,
    "offset_matrix": [
      -1.0,
      -1.2147675e-9,
      -1.2360266e-7,
      11.727678,
      -6.661338e-16,
      -0.9999517,
      0.009827536,
      112.65382,
      -1.2360863e-7,
      0.009827536,
      0.9999517,
      -1.077422,
      0.0,
      0.0,
      0.0,
      1.0
    ]
  },
  "mixamorig:Weapon": {
    "name": "mixamorig:Weapon",
    "id": 61,
    "parent_id": 40,
    "offset_matrix": [
      0.950073,
      -0.053060815,
      0.30748332,
      105.37054,
      0.03841745,
      0.99782944,
      0.05348666,
      -164.05121,
      -0.3096539,
      -0.0390035,
      0.95004916,
      -11.950931,
      0.0,
      0.0,
      0.0,
      1.0000001
    ]
  },
  "mixamorig:RightHandPinky3": {
    "name": "mixamorig:RightHandPinky3",
    "id": 59,
    "parent_id": 58,
    "offset_matrix": [
      -0.012451676,
      -9.094948e-13,
      0.9999226,
      17.16483,
      -0.99992204,
      0.0010102774,
      -0.012451668,
      -107.73418,
      -0.0010101991,
      -0.9999996,
      -0.000012579644,
      172.28127,
      0.0,
      0.0,
      0.0,
      1.0
    ]
  },
  "mixamorig:LeftHandThumb1": {
    "name": "mixamorig:LeftHandThumb1",
    "id": 17,
    "parent_id": 16,
    "offset_matrix": [
      0.5022919,
      0.027577132,
      -0.8642582,
      -56.04052,
      0.78229046,
      -0.44032985,
      0.4406034,
      7.169899,
      -0.3684081,
      -0.8974125,
      -0.24274746,
      184.66861,
      0.0,
      0.0,
      0.0,
      1.0
    ]
  },
  "mixamorig:LeftHandThumb2": {
    "name": "mixamorig:LeftHandThumb2",
    "id": 18,
    "parent_id": 17,
    "offset_matrix": [
      0.51610744,
      0.01975058,
      -0.8562961,
      -56.026676,
      0.7727966,
      -0.44184145,
      0.45558938,
      1.4901657,
      -0.36934897,
      -0.8968757,
      -0.24330084,
      184.667,
      0.0,
      0.0,
      0.0,
      1.0000001
    ]
  },
  "mixamorig:LeftHandIndex2": {
    "name": "mixamorig:LeftHandIndex2",
    "id": 22,
    "parent_id": 21,
    "offset_matrix": [
      -0.012333075,
      -0.0,
      -0.99992394,
      -4.9668727,
      0.9999224,
      -0.0017557179,
      -0.012333055,
      -107.50149,
      -0.0017555844,
      -0.99999845,
      0.000021653399,
      172.59901,
      0.0,
      0.0,
      0.0,
      1.0
    ]
  },
  "mixamorig:Neck": {
    "name": "mixamorig:Neck",
    "id": 4,
    "parent_id": 3,
    "offset_matrix": [
      1.0,
      2.5070402e-11,
      -7.9532103e-10,
      -0.000006638912,
      -2.5070402e-11,
      1.0,
      -2.7755576e-17,
      -181.96628,
      7.9532103e-10,
      2.7775514e-17,
      1.0,
      4.6556563,
      0.0,
      0.0,
      0.0,
      1.0
    ]
  },
  "mixamorig:LeftHandRing1": {
    "name": "mixamorig:LeftHandRing1",
    "id": 29,
    "parent_id": 16,
    "offset_matrix": [
      -0.012378287,
      -0.0,
      -0.9999234,
      -13.851944,
      0.999923,
      -0.00090361846,
      -0.012378281,
      -102.232254,
      -0.0009035492,
      -0.99999964,
      0.000011185248,
      174.11977,
      0.0,
      0.0,
      0.0,
      1.0
    ]
  },
  "mixamorig:RightHandPinky1": {
    "name": "mixamorig:RightHandPinky1",
    "id": 57,
    "parent_id": 40,
    "offset_matrix": [
      -0.0123492405,
      0.0,
      0.9999237,
      17.17576,
      -0.99992293,
      -0.0013026614,
      -0.012349229,
      -100.0851,
      0.0013025622,
      -0.99999917,
      0.000016086879,
      172.52753,
      0.0,
      0.0,
      0.0,
      1.0
    ]
  },
  "mixamorig:Spine2": {
    "name": "mixamorig:Spine2",
    "id": 3,
    "parent_id": 2,
    "offset_matrix": [
      1.0,
      2.5070402e-11,
      -7.9532103e-10,
      -0.0000066323637,
      -2.5070402e-11,
      1.0,
      -2.7755576e-17,
      -163.3954,
      7.9532103e-10,
      2.7775514e-17,
      1.0,
      6.1459694,
      0.0,
      0.0,
      0.0,
      1.0
    ]
  },
  "mixamorig:RightHandMiddle2": {
    "name": "mixamorig:RightHandMiddle2",
    "id": 50,
    "parent_id": 49,
    "offset_matrix": [
      -0.012304639,
      1.8189894e-12,
      0.99992436,
      9.401869,
      -0.999922,
      -0.0021656116,
      -0.012304611,
      -108.74796,
      0.0021654477,
      -0.9999977,
      0.00002664707,
      174.19493,
      0.0,
      0.0,
      0.0,
      1.0
    ]
  },
  "mixamorig:RightLeg": {
    "name": "mixamorig:RightLeg",
    "id": 63,
    "parent_id": 62,
    "offset_matrix": [
      -1.0,
      -0.0,
      -1.2165748e-7,
      -11.7277,
      9.493736e-9,
      -0.9969505,
      -0.0780366,
      63.928795,
      -1.2128649e-7,
      -0.0780366,
      0.9969505,
      4.55507,
      0.0,
      0.0,
      0.0,
      1.0
    ]
  },
  "mixamorig:LeftLeg": {
    "name": "mixamorig:LeftLeg",
    "id": 68,
    "parent_id": 67,
    "offset_matrix": [
      -1.0,
      -1.2147678e-9,
      -1.2360266e-7,
      11.727678,
      1.0856598e-8,
      -0.9969505,
      -0.07803663,
      63.928802,
      -1.2313093e-7,
      -0.07803663,
      0.9969505,
      4.555075,
      0.0,
      0.0,
      0.0,
      1.0
    ]
  },
  "mixamorig:LeftShoulder": {
    "name": "mixamorig:LeftShoulder",
    "id": 13,
    "parent_id": 3,
    "offset_matrix": [
      -0.23631342,
      0.0050747045,
      -0.9716637,
      -4.5558295,
      0.97143984,
      -0.020861153,
      -0.23636791,
      -4.7470355,
      -0.02146952,
      -0.9997696,
      0.0,
      174.43103,
      0.0,
      0.0,
      0.0,
      1.0000001
    ]
  },
  "mixamorig:RightHandRing4": {
    "name": "mixamorig:RightHandRing4",
    "id": 56,
    "parent_id": 55,
    "offset_matrix": [
      -0.01236558,
      0.0,
      0.9999236,
      13.853083,
      -0.99992305,
      -0.000993219,
      -0.012365574,
      -115.978294,
      0.000993143,
      -0.99999946,
      0.000012281726,
      174.12527,
      0.0,
      0.0,
      0.0,
      1.0
    ]
  },
  "mixamorig:LeftHandMiddle1": {
    "name": "mixamorig:LeftHandMiddle1",
    "id": 25,
    "parent_id": 16,
    "offset_matrix": [
      -0.012355216,
      -1.8189896e-12,
      -0.99992377,
      -9.396331,
      0.9999229,
      -0.0013425847,
      -0.012355205,
      -102.85502,
      -0.0013424822,
      -0.99999917,
      0.000016587923,
      174.10579,
      0.0,
      0.0,
      0.0,
      1.0
    ]
  },
  "mixamorig:LeftHandRing4": {
    "name": "mixamorig:LeftHandRing4",
    "id": 32,
    "parent_id": 31,
    "offset_matrix": [
      -0.01236122,
      -9.094947e-13,
      -0.9999236,
      -13.853609,
      0.99992305,
      -0.001035205,
      -0.012361214,
      -115.97097,
      -0.0010351259,
      -0.99999946,
      0.000012796397,
      174.12979,
      0.0,
      0.0,
      0.0,
      1.0
    ]
  },
  "mixamorig:RightHandIndex3": {
    "name": "mixamorig:RightHandIndex3",
    "id": 47,
    "parent_id": 46,
    "offset_matrix": [
      -0.012479851,
      0.0,
      0.99992216,
      4.950268,
      -0.99992055,
      -0.0017530932,
      -0.012479831,
      -112.84217,
      0.0017529568,
      -0.99999845,
      0.000021878344,
      172.59909,
      0.0,
      0.0,
      0.0,
      1.0
    ]
  },
  "mixamorig:LeftHandMiddle3": {
    "name": "mixamorig:LeftHandMiddle3",
    "id": 27,
    "parent_id": 26,
    "offset_matrix": [
      -0.012365751,
      -9.094948e-13,
      -0.99992365,
      -9.394907,
      0.99992305,
      -0.0010806463,
      -0.012365743,
      -114.01717,
      -0.0010805638,
      -0.99999946,
      0.000013363002,
      174.0718,
      0.0,
      0.0,
      0.0,
      1.0
    ]
  },
  "mixamorig:LeftFoot": {
    "name": "mixamorig:LeftFoot",
    "id": 69,
    "parent_id": 68,
    "offset_matrix": [
      -0.9947624,
      -0.051109076,
      0.08852055,
      12.753468,
      0.09758307,
      -0.7326107,
      0.67361647,
      12.440305,
      0.030423194,
      0.6787264,
      0.7337609,
      -8.380937,
      0.0,
      0.0,
      0.0,
      1.0
    ]
  },
  "mixamorig:RightHandThumb4": {
    "name": "mixamorig:RightHandThumb4",
    "id": 44,
    "parent_id": 43,
    "offset_matrix": [
      0.5154542,
      -0.013436688,
      0.85681164,
      54.921806,
      -0.771713,
      -0.441938,
      0.45732868,
      -9.736693,
      0.37251273,
      -0.8969448,
      -0.23816809,
      185.00137,
      0.0,
      0.0,
      0.0,
      0.9999999
    ]
  },
  "mixamorig:HeadTop_End": {
    "name": "mixamorig:HeadTop_End",
    "id": 6,
    "parent_id": 5,
    "offset_matrix": [
      1.0,
      2.5070402e-11,
      -7.9532103e-10,
      -0.0000066342864,
      -2.5070402e-11,
      1.0,
      -2.7755576e-17,
      -213.54811,
      7.9532103e-10,
      2.7775514e-17,
      1.0,
      -5.3990335,
      0.0,
      0.0,
      0.0,
      1.0
    ]
  },
  "mixamorig:Hair3": {
    "name": "mixamorig:Hair3",
    "id": 11,
    "parent_id": 10,
    "offset_matrix": [
      -4.3382867e-10,
      -0.82070875,
      -0.5713468,
      142.54022,
      -6.670508e-10,
      0.5713468,
      -0.82070875,
      -121.73951,
      1.0,
      2.507039e-11,
      -7.9532103e-10,
      0.0063801943,
      0.0,
      0.0,
      0.0,
      1.0
    ]
  },
  "mixamorig:LeftHand": {
    "name": "mixamorig:LeftHand",
    "id": 16,
    "parent_id": 15,
    "offset_matrix": [
      -0.0011088322,
      -0.0,
      -0.9999994,
      -10.618278,
      0.99999607,
      -0.002581956,
      -0.0011088286,
      -85.675255,
      -0.0025819545,
      -0.9999967,
      0.0000028629563,
      174.18512,
      0.0,
      0.0,
      0.0,
      1.0
    ]
  },
  "mixamorig:LeftHandIndex1": {
    "name": "mixamorig:LeftHandIndex1",
    "id": 21,
    "parent_id": 16,
    "offset_matrix": [
      -0.012620932,
      -1.8189896e-12,
      -0.9999204,
      -4.9358387,
      0.999919,
      -0.0017167196,
      -0.012620914,
      -101.861046,
      -0.0017165828,
      -0.9999986,
      0.000021666596,
      172.59485,
      0.0,
      0.0,
      0.0,
      1.0
    ]
  },
  "mixamorig:Spine1": {
    "name": "mixamorig:Spine1",
    "id": 2,
    "parent_id": 1,
    "offset_matrix": [
      1.0,
      2.5070411e-11,
      -7.9532103e-10,
      -0.000006632364,
      -1.408356e-10,
      0.9893001,
      -0.1458951,
      -146.56595,
      7.8315354e-10,
      0.1458951,
      0.9893001,
      -17.75838,
      0.0,
      0.0,
      0.0,
      1.0
    ]
  },
  "mixamorig:LeftHandRing3": {
    "name": "mixamorig:LeftHandRing3",
    "id": 31,
    "parent_id": 30,
    "offset_matrix": [
      -0.01236122,
      -9.094947e-13,
      -0.9999236,
      -13.853608,
      0.99992305,
      -0.001035205,
      -0.012361214,
      -111.94349,
      -0.0010351259,
      -0.99999946,
      0.000012796397,
      174.12979,
      0.0,
      0.0,
      0.0,
      1.0
    ]
  },
  "mixamorig:RightHandPinky2": {
    "name": "mixamorig:RightHandPinky2",
    "id": 58,
    "parent_id": 57,
    "offset_matrix": [
      -0.012374419,
      0.0,
      0.99992347,
      17.173138,
      -0.9999232,
      -0.00058646523,
      -0.012374416,
      -104.047356,
      0.00058642036,
      -0.9999998,
      0.000007257166,
      172.45305,
      0.0,
      0.0,
      0.0,
      1.0
    ]
  },
  "mixamorig:RightShoulder": {
    "name": "mixamorig:RightShoulder",
    "id": 37,
    "parent_id": 3,
    "offset_matrix": [
      -0.23631175,
      -0.005072211,
      0.97166395,
      4.5554123,
      -0.9714402,
      -0.020851057,
      -0.23636617,
      -4.748772,
      0.02145912,
      -0.9997696,
      0.0,
      174.43108,
      0.0,
      0.0,
      0.0,
      0.9999999
    ]
  },
  "mixamorig:RightHandIndex2": {
    "name": "mixamorig:RightHandIndex2",
    "id": 46,
    "parent_id": 45,
    "offset_matrix": [
      -0.012334704,
      -1.8189894e-12,
      0.99992394,
      4.9666915,
      -0.9999225,
      -0.0016855784,
      -0.012334687,
      -107.5137,
      0.0016854502,
      -0.9999986,
      0.00002079111,
      172.59149,
      0.0,
      0.0,
      0.0,
      1.0
    ]
  },
  "mixamorig:LeftHandIndex3": {
    "name": "mixamorig:LeftHandIndex3",
    "id": 23,
    "parent_id": 22,
    "offset_matrix": [
      -0.012480141,
      -0.0,
      -0.99992216,
      -4.950231,
      0.9999206,
      -0.0017352396,
      -0.012480122,
      -112.84526,
      -0.0017351045,
      -0.99999845,
      0.000021656035,
      172.59671,
      0.0,
      0.0,
      0.0,
      1.0
    ]
  },
  "mixamorig:LeftArm": {
    "name": "mixamorig:LeftArm",
    "id": 14,
    "parent_id": 13,
    "offset_matrix": [
      -0.012970153,
      -0.0,
      -0.99991596,
      -9.939374,
      0.9999051,
      0.0046485537,
      -0.012970013,
      -27.693504,
      0.0046481625,
      -0.9999892,
      -0.00006029245,
      173.76988,
      0.0,
      0.0,
      0.0,
      1.0
    ]
  },
  "mixamorig:RightHandThumb1": {
    "name": "mixamorig:RightHandThumb1",
    "id": 41,
    "parent_id": 40,
    "offset_matrix": [
      0.5000609,
      -0.022151172,
      0.8657069,
      54.92352,
      -0.78229326,
      -0.44031626,
      0.44061193,
      7.16716,
      0.3714247,
      -0.8975694,
      -0.23751365,
      185.00357,
      0.0,
      0.0,
      0.0,
      1.0
    ]
  },
  "mixamorig:Hair1": {
    "name": "mixamorig:Hair1",
    "id": 9,
    "parent_id": 5,
    "offset_matrix": [
      -2.986784e-10,
      -0.9145934,
      -0.40437478,
      180.11061,
      -7.375332e-10,
      0.40437478,
      -0.9145934,
      -91.61491,
      1.0,
      2.5070501e-11,
      -7.953209e-10,
      0.0063801943,
      0.0,
      0.0,
      0.0,
      1.0
    ]
  },
  "mixamorig:LeftHandPinky1": {
    "name": "mixamorig:LeftHandPinky1",
    "id": 33,
    "parent_id": 16,
    "offset_matrix": [
      -0.012346971,
      -0.0,
      -0.99992377,
      -17.175991,
      0.99992293,
      -0.0012915961,
      -0.012346961,
      -100.0869,
      -0.0012914977,
      -0.99999917,
      0.0000159473,
      172.52666,
      0.0,
      0.0,
      0.0,
      1.0
    ]
  },
  "mixamorig:RightToe_End": {
    "name": "mixamorig:RightToe_End",
    "id": 66,
    "parent_id": 65,
    "offset_matrix": [
      -0.99781394,
      -0.0000016374545,
      -0.066087544,
      -13.033955,
      -0.066087425,
      0.0018440906,
      0.9978122,
      -32.26666,
      0.00012023753,
      0.9999984,
      -0.0018401674,
      -0.047821682,
      0.0,
      0.0,
      0.0,
      1.0
    ]
  },
  "mixamorig:LeftToeBase": {
    "name": "mixamorig:LeftToeBase",
    "id": 70,
    "parent_id": 69,
    "offset_matrix": [
      -0.99781394,
      -0.0000016328634,
      0.066087365,
      13.033947,
      0.06608725,
      0.0018440929,
      0.9978122,
      -11.673619,
      -0.0001235005,
      0.9999984,
      -0.0018399535,
      -0.047706015,
      0.0,
      0.0,
      0.0,
      1.0
    ]
  },
  "mixamorig:LeftHandIndex4": {
    "name": "mixamorig:LeftHandIndex4",
    "id": 24,
    "parent_id": 23,
    "offset_matrix": [
      -0.012480141,
      -0.0,
      -0.99992216,
      -4.9502316,
      0.9999206,
      -0.0017352396,
      -0.012480122,
      -117.408554,
      -0.0017351045,
      -0.99999845,
      0.000021656035,
      172.59671,
      0.0,
      0.0,
      0.0,
      1.0
    ]
  },
  "mixamorig:Hair4": {
    "name": "mixamorig:Hair4",
    "id": 12,
    "parent_id": 11,
    "offset_matrix": [
      -4.3382867e-10,
      -0.82070875,
      -0.5713468,
      132.6503,
      -6.670508e-10,
      0.5713468,
      -0.82070875,
      -121.73952,
      1.0,
      2.507039e-11,
      -7.9532103e-10,
      0.0063801943,
      0.0,
      0.0,
      0.0,
      1.0
    ]
  },
  "mixamorig:RightHandThumb3": {
    "name": "mixamorig:RightHandThumb3",
    "id": 43,
    "parent_id": 42,
    "offset_matrix": [
      0.5154542,
      -0.013436688,
      0.85681164,
      54.921806,
      -0.771713,
      -0.441938,
      0.45732868,
      -4.672645,
      0.37251273,
      -0.8969448,
      -0.23816809,
      185.00137,
      0.0,
      0.0,
      0.0,
      0.9999999
    ]
  },
  "mixamorig:RightToeBase": {
    "name": "mixamorig:RightToeBase",
    "id": 65,
    "parent_id": 64,
    "offset_matrix": [
      -0.99781394,
      -0.0000016374545,
      -0.066087544,
      -13.033955,
      -0.066087425,
      0.0018440906,
      0.9978122,
      -11.673685,
      0.00012023753,
      0.9999984,
      -0.0018401674,
      -0.047821674,
      0.0,
      0.0,
      0.0,
      1.0
    ]
  },
  "mixamorig:RightUpLeg": {
    "name": "mixamorig:RightUpLeg",
    "id": 62,
    "parent_id": 0,
    "offset_matrix": [
      -1.0,
      -1.110223e-16,
      -1.216575e-7,
      -11.7277,
      -1.1955918e-9,
      -0.9999517,
      0.009827525,
      112.65385,
      -1.2165161e-7,
      0.009827525,
      0.9999517,
      -1.077424,
      0.0,
      0.0,
      0.0,
      1.0
    ]
  },
  "mixamorig:RightHand": {
    "name": "mixamorig:RightHand",
    "id": 40,
    "parent_id": 39,
    "offset_matrix": [
      -0.0011087531,
      2.2737368e-13,
      0.9999994,
      10.618315,
      -0.99999607,
      -0.002590538,
      -0.0011087494,
      -85.67378,
      0.0025905364,
      -0.99999666,
      0.0000028722673,
      174.18552,
      0.0,
      0.0,
      0.0,
      1.0
    ]
  },
  "mixamorig:LeftHandPinky2": {
    "name": "mixamorig:LeftHandPinky2",
    "id": 34,
    "parent_id": 33,
    "offset_matrix": [
      -0.01237481,
      -0.0,
      -0.9999235,
      -17.173094,
      0.9999233,
      -0.000681448,
      -0.012374807,
      -104.03067,
      -0.0006813958,
      -0.9999998,
      0.0000084327885,
      172.46321,
      0.0,
      0.0,
      0.0,
      1.0
    ]
  },
  "mixamorig:Hips": {
    "name": "mixamorig:Hips",
    "id": 0,
    "parent_id": -1,
    "offset_matrix": [
      0.99999964,
      -0.0009498088,
      -0.00003097176,
      0.115728274,
      0.000949809,
      0.99999964,
      0.0000030526485,
      -121.86194,
      0.000030968844,
      -0.0000030820643,
      1.0,
      0.38620895,
      0.0,
      0.0,
      0.0,
      1.0
    ]
  },
  "mixamorig:LeftForeArm": {
    "name": "mixamorig:LeftForeArm",
    "id": 15,
    "parent_id": 14,
    "offset_matrix": [
      -0.0011088322,
      -0.0,
      -0.9999994,
      -10.618278,
      0.99999607,
      -0.002581956,
      -0.0011088286,
      -56.723736,
      -0.0025819545,
      -0.9999967,
      0.0000028629563,
      174.1851,
      0.0,
      0.0,
      0.0,
      1.0
    ]
  },
  "mixamorig:LeftHandThumb4": {
    "name": "mixamorig:LeftHandThumb4",
    "id": 20,
    "parent_id": 19,
    "offset_matrix": [
      0.5177227,
      0.018829033,
      -0.8553412,
      -56.037033,
      0.77166396,
      -0.44200784,
      0.4573442,
      -9.720062,
      -0.3694562,
      -0.8968135,
      -0.24336721,
      184.66753,
      0.0,
      0.0,
      0.0,
      1.0
    ]
  },
  "mixamorig:RightForeArm": {
    "name": "mixamorig:RightForeArm",
    "id": 39,
    "parent_id": 38,
    "offset_matrix": [
      -0.0011087531,
      2.2737368e-13,
      0.9999994,
      10.618315,
      -0.99999607,
      -0.002590538,
      -0.0011087494,
      -56.722267,
      0.0025905364,
      -0.99999666,
      0.0000028722673,
      174.18552,
      0.0,
      0.0,
      0.0,
      1.0
    ]
  },
  "mixamorig:RightHandIndex4": {
    "name": "mixamorig:RightHandIndex4",
    "id": 48,
    "parent_id": 47,
    "offset_matrix": [
      -0.012479851,
      0.0,
      0.99992216,
      4.950268,
      -0.99992055,
      -0.0017530932,
      -0.012479831,
      -117.40554,
      0.0017529568,
      -0.99999845,
      0.000021878344,
      172.59909,
      0.0,
      0.0,
      0.0,
      1.0
    ]
  },
  "mixamorig:RightFoot": {
    "name": "mixamorig:RightFoot",
    "id": 64,
    "parent_id": 63,
    "offset_matrix": [
      -0.9947622,
      0.051106714,
      -0.08852237,
      -12.753457,
      -0.09758268,
      -0.7326082,
      0.6736192,
      12.440289,
      -0.030425753,
      0.67872924,
      0.7337581,
      -8.381037,
      0.0,
      0.0,
      0.0,
      0.99999994
    ]
  },
  "mixamorig:Hair2": {
    "name": "mixamorig:Hair2",
    "id": 10,
    "parent_id": 9,
    "offset_matrix": [
      -3.576631e-10,
      -0.8786824,
      -0.47740683,
      163.8463,
      -7.108031e-10,
      0.47740683,
      -0.8786824,
      -105.28693,
      1.0,
      2.507003e-11,
      -7.953209e-10,
      0.0063801943,
      0.0,
      0.0,
      0.0,
      1.0
    ]
  },
  "mixamorig:RightHandRing2": {
    "name": "mixamorig:RightHandRing2",
    "id": 54,
    "parent_id": 53,
    "offset_matrix": [
      -0.01232211,
      -1.8189896e-12,
      0.9999242,
      13.857959,
      -0.99992245,
      -0.0018564353,
      -0.012322089,
      -107.49071,
      0.0018562943,
      -0.99999833,
      0.000022875196,
      174.22185,
      0.0,
      0.0,
      0.0,
      1.0
    ]
  },
  "mixamorig:Spine": {
    "name": "mixamorig:Spine",
    "id": 1,
    "parent_id": 0,
    "offset_matrix": [
      1.0,
      2.5070397e-11,
      -7.95321e-10,
      -0.0000066323637,
      -1.4083545e-10,
      0.9893001,
      -0.14589493,
      -132.53246,
      7.8315354e-10,
      0.14589493,
      0.9893001,
      -17.758356,
      0.0,
      0.0,
      0.0,
      1.0
    ]
  },
  "mixamorig:RightArm": {
    "name": "mixamorig:RightArm",
    "id": 38,
    "parent_id": 37,
    "offset_matrix": [
      -0.012972766,
      -3.637979e-12,
      0.9999159,
      9.939258,
      -0.9999051,
      0.0046366043,
      -0.012972627,
      -27.691404,
      -0.004636214,
      -0.9999892,
      -0.00006014958,
      173.77048,
      0.0,
      0.0,
      0.0,
      1.0
    ]
  },
  "mixamorig:RightHandRing1": {
    "name": "mixamorig:RightHandRing1",
    "id": 53,
    "parent_id": 40,
    "offset_matrix": [
      -0.012367716,
      -9.094947e-13,
      0.9999235,
      13.853039,
      -0.9999231,
      -0.00092158816,
      -0.012367711,
      -102.22874,
      0.0009215176,
      -0.9999996,
      0.00001139794,
      174.12129,
      0.0,
      0.0,
      0.0,
      1.0
    ]
  },
  "mixamorig:LeftHandPinky3": {
    "name": "mixamorig:LeftHandPinky3",
    "id": 35,
    "parent_id": 34,
    "offset_matrix": [
      -0.012462486,
      -0.0,
      -0.9999224,
      -17.163664,
      0.99992186,
      0.00107404,
      -0.012462479,
      -107.745415,
      0.0010739565,
      -0.9999995,
      -0.000013385207,
      172.27434,
      0.0,
      0.0,
      0.0,
      1.0
    ]
  },
  "mixamorig:LeftHandThumb3": {
    "name": "mixamorig:LeftHandThumb3",
    "id": 19,
    "parent_id": 18,
    "offset_matrix": [
      0.5177227,
      0.018829033,
      -0.8553412,
      -56.037033,
      0.77166396,
      -0.44200784,
      0.4573442,
      -4.6561813,
      -0.3694562,
      -0.8968135,
      -0.24336721,
      184.66753,
      0.0,
      0.0,
      0.0,
      1.0
    ]
  },
  "mixamorig:LeftHandMiddle2": {
    "name": "mixamorig:LeftHandMiddle2",
    "id": 26,
    "parent_id": 25,
    "offset_matrix": [
      -0.012311875,
      1.8189896e-12,
      -0.9999243,
      -9.401061,
      0.999922,
      -0.0021584209,
      -0.012311845,
      -108.748856,
      -0.0021582574,
      -0.99999774,
      0.000026574206,
      174.19458,
      0.0,
      0.0,
      0.0,
      1.0
    ]
  }
}